Hoja_01.jpg
780,657
1939,690
843,3555
2027,3503
Hoja_02.jpg
211,351
2565,452
195,3751
2574,3670
Hoja_03.jpg
130,422
2446,479
163,3793
2501,3663
Hoja_04.jpg
525,977
2099,1135
496,3261
2071,3206
Hoja_05.jpg
1214,701
2207,744
2137,3125
1177,3127
Hoja_06.jpg
562,821
2378,887
2455,3516
485,3547
Hoja_07.jpg
452,540
2341,707
2361,3351
301,3402
Hoja_08.jpg
747,255
2782,676
24,3465
2543,3905
Hoja_09.jpg
369,889
2280,799
2657,3474
632,3828
Hoja_10.jpg
894,455
2141,387
2121,3285
1023,3261
Hoja_11.jpg
452,411
2879,468
2618,3604
536,3516
Hoja_12.jpg
1113,690
516,3189
2585,3628
2833,982
Hoja_13.jpg
490,1113
2040,1173
2042,3408
358,3349
Hoja_14.jpg
907,973
384,3066
1979,3417
2354,1315
Hoja_15.jpg
189,780
2253,654
2543,3452
503,3799
Hoja_16.jpg
119,439
2376,389
2602,3461
351,3698
Hoja_17.jpg
97,250
2506,228
2659,3496
314,3705
Hoja_18.jpg
547,400
2644,503
2710,3613
327,3553
Hoja_19.jpg
437,483
2521,597
2449,3415
450,3468
Hoja_20.jpg
380,408
2602,483
2725,3733
296,3799
